[gd_scene load_steps=4 format=3 uid="uid://bs5b6rppntgip"]

[sub_resource type="PrismMesh" id="PrismMesh_7ln4a"]
size = Vector3(0.685, 0.755, 0.105)

[sub_resource type="StandardMaterial3D" id="StandardMaterial3D_reg7j"]

[sub_resource type="TextMesh" id="TextMesh_atteo"]
material = SubResource("StandardMaterial3D_reg7j")
text = "______________"
font_size = 1
depth = 0.005

[node name="CatEars" type="Node3D"]

[node name="MeshInstance3D" type="MeshInstance3D" parent="."]
transform = Transform3D(0.13523, -0.0362347, 0, 0.0362347, 0.13523, 0, 0, 0, 0.14, -0.04, 0.0715056, 0)
mesh = SubResource("PrismMesh_7ln4a")

[node name="MeshInstance3D2" type="MeshInstance3D" parent="."]
transform = Transform3D(0.13523, 0.0362347, 0, -0.0362347, 0.13523, 0, 0, 0, 0.14, 0.04, 0.0715056, 0)
mesh = SubResource("PrismMesh_7ln4a")

[node name="MeshInstance3D3" type="MeshInstance3D" parent="."]
transform = Transform3D(0.940475, 0.282377, 0.189131, -0.273614, 0.959178, -0.0715027, -0.201602, 0.0154975, 0.979345, -0.0516605, -0.0156124, 0.063238)
mesh = SubResource("TextMesh_atteo")

[node name="MeshInstance3D4" type="MeshInstance3D" parent="."]
transform = Transform3D(0.964276, -0.184948, 0.189647, 0.174738, 0.982169, 0.0693605, -0.199094, -0.033744, 0.979399, -0.0516605, -0.0344464, 0.063238)
mesh = SubResource("TextMesh_atteo")

[node name="MeshInstance3D5" type="MeshInstance3D" parent="."]
transform = Transform3D(0.976651, 0.0844692, 0.197529, -0.0838571, 0.996412, -0.0114763, -0.19779, -0.00535583, 0.98023, -0.0516605, -0.0243074, 0.063238)
mesh = SubResource("TextMesh_atteo")

[node name="MeshInstance3D6" type="MeshInstance3D" parent="."]
transform = Transform3D(1, 0, 0, 0, 1, 0, 0, 0, 1, 0.0539617, -0.0255794, 0.0636455)
mesh = SubResource("TextMesh_atteo")

[node name="MeshInstance3D7" type="MeshInstance3D" parent="."]
transform = Transform3D(0.973328, 0.210009, -0.092352, -0.206143, 0.97726, 0.0496863, 0.100686, -0.0293234, 0.994486, 0.0539617, -0.0348464, 0.0636455)
mesh = SubResource("TextMesh_atteo")

[node name="MeshInstance3D8" type="MeshInstance3D" parent="."]
transform = Transform3D(0.950157, -0.311771, 0, 0.311771, 0.950157, 0, 0, 0, 1, 0.0539617, -0.0168584, 0.0636455)
mesh = SubResource("TextMesh_atteo")
